// Инициализация
1. 2, 4
2. ->, 1
3. 4, 5
4. ->, 3
5. ->, 6
6. V, 7
7. <-, 8
8. <-, 9
9. 8, 10
10. <-, 11
11. 10, 12
12. ->, 56
// Удаление одного элемента
13. X, 14
56. 13, 15
14. ->, 15
15. 14, 16
16. ->, 17
17. 18, 26
18. ->, 19
19. 18, 20
20. <-, 21
21. X, 22
22. <-, 23
23. 22, 24
24. <-, 25
25. 24, 12
// Запись частного
26. V, 27
27. ->, 28
28. 29, 26
29. <-, 30
30. X, 31
31. ->, 32
32. ->, 33
33. ->, 34
34. 33, 35
35. V, 36
36. <-, 37
37. 36, 38
38. <-, 39
39. <-, 40
40. <-, 41
41. 40, 42
42. <-, 43
43. 44, 48
44. <-, 45
45. 44, 46
46. V, 47
47. <-, 12
// Подтирание мусора
48. ->, 49
49. 50, 48
50. X, 51
51. ->, 52
52. 50, 53
53. ->, 54
54. X, 55
55. !